[search.jpg]
filters=Holga=1,70.000000,30.000000,0.000000;CrossProcess=1,0.000000;
moddate=00bea7f88645ce01
width=2560
height=1740
textactive=0
